$ 3 0.000005 10.20027730826997 53 5 50 5e-11
r 712 1008 816 1008 0 1000
R 704 48 808 48 0 0 40 5 0 0 0.5
g 816 1008 816 1056 0 0
w 512 48 592 48 0
w 592 48 704 48 0
w 352 48 512 48 0
w 112 48 352 48 0
w -128 48 112 48 0
w -128 1008 112 1008 0
w 112 1008 352 1008 0
w 352 1008 592 1008 0
x -312 87 -186 90 4 32 Birdcage
w -128 192 -128 224 0
370 -128 128 -128 160 1 0 2
r -128 224 -128 272 0 1
r -128 128 -128 80 0 1000
w -144 160 -144 80 0
w -144 80 -128 80 0
w -128 80 -128 48 0
w -128 272 -128 288 0
S -128 192 -128 160 0 1 false 0 3
w -64 288 -32 288 0
w 0 256 0 272 0
w 0 256 80 256 0
w 80 256 80 288 0
w 80 288 112 288 0
r 32 288 80 288 0 1000
S -32 288 0 288 0 1 false 0 3
370 0 288 32 288 1 0 2
r -112 288 -64 288 0 1
w -128 288 -112 288 0
w 352 192 352 224 0
370 352 128 352 160 1 0 2
r 352 224 352 272 0 1
r 352 128 352 80 0 1000
w 336 160 336 80 0
w 336 80 352 80 0
w 352 80 352 48 0
w 352 272 352 288 0
S 352 192 352 160 0 1 false 0 3
w 112 192 112 224 0
370 112 128 112 160 1 0 2
r 112 224 112 272 0 1
r 112 128 112 80 0 1000
w 96 160 96 80 0
w 96 80 112 80 0
w 112 80 112 48 0
w 112 272 112 288 0
S 112 192 112 160 0 1 false 0 3
w 352 432 352 464 0
370 352 368 352 400 1 0 2
r 352 464 352 512 0 1
r 352 368 352 320 0 1000
w 336 400 336 320 0
w 336 320 352 320 0
w 352 320 352 288 0
w 352 512 352 528 0
S 352 432 352 400 0 1 false 0 3
w -128 432 -128 464 0
370 -128 368 -128 400 1 0 2
r -128 464 -128 512 0 1
r -128 368 -128 320 0 1000
w -144 400 -144 320 0
w -144 320 -128 320 0
w -128 320 -128 288 0
w -128 512 -128 528 0
S -128 432 -128 400 0 1 false 0 3
w 112 432 112 464 0
370 112 368 112 400 1 0 2
r 112 464 112 512 0 1
r 112 368 112 320 0 1000
w 96 400 96 320 0
w 96 320 112 320 0
w 112 320 112 288 0
w 112 512 112 528 0
S 112 432 112 400 0 1 false 0 3
w -128 672 -128 704 0
370 -128 608 -128 640 1 0 2
r -128 704 -128 752 0 1
r -128 608 -128 560 0 1000
w -144 640 -144 560 0
w -144 560 -128 560 0
w -128 560 -128 528 0
w -128 752 -128 768 0
S -128 672 -128 640 0 1 false 0 3
w 112 672 112 704 0
370 112 608 112 640 1 0 2
r 112 704 112 752 0 1
r 112 608 112 560 0 1000
w 96 640 96 560 0
w 96 560 112 560 0
w 112 560 112 528 0
w 112 752 112 768 0
S 112 672 112 640 0 1 false 0 3
w 352 672 352 704 0
370 352 608 352 640 1 0 2
r 352 704 352 752 0 1
r 352 608 352 560 0 1000
w 336 640 336 560 0
w 336 560 352 560 0
w 352 560 352 528 0
w 352 752 352 768 0
S 352 672 352 640 0 1 false 0 3
w 176 288 208 288 0
w 240 256 240 272 0
w 240 256 320 256 0
w 320 256 320 288 0
w 320 288 352 288 0
r 272 288 320 288 0 1000
S 208 288 240 288 0 1 false 0 3
370 240 288 272 288 1 0 2
r 128 288 176 288 0 1
w 112 288 128 288 0
w -64 528 -32 528 0
w 0 496 0 512 0
w 0 496 80 496 0
w 80 496 80 528 0
w 80 528 112 528 0
r 32 528 80 528 0 1000
S -32 528 0 528 0 1 false 0 3
370 0 528 32 528 1 0 2
r -112 528 -64 528 0 1
w -128 528 -112 528 0
w 176 528 208 528 0
w 240 496 240 512 0
w 240 496 320 496 0
w 320 496 320 528 0
w 320 528 352 528 0
r 272 528 320 528 0 1000
S 208 528 240 528 0 1 false 0 3
370 240 528 272 528 1 0 2
r 128 528 176 528 0 1
w 112 528 128 528 0
368 712 1008 712 936 0 0
x -134 1064 -118 1067 4 24 A
x -19 1065 -3 1068 4 24 B
x 104 1065 121 1068 4 24 C
x 220 1063 237 1066 4 24 D
x 342 1061 358 1064 4 24 E
x -213 900 -200 903 4 24 1
x -217 782 -204 785 4 24 2
x -215 665 -202 668 4 24 3
x -212 539 -199 542 4 24 4
x -214 426 -201 429 4 24 5
w 592 192 592 224 0
370 592 128 592 160 1 0 2
r 592 224 592 272 0 1
r 592 128 592 80 0 1000
w 576 160 576 80 0
w 576 80 592 80 0
w 592 80 592 48 0
w 592 272 592 288 0
S 592 192 592 160 0 1 false 0 3
w 416 288 448 288 0
w 480 256 480 272 0
w 480 256 560 256 0
w 560 256 560 288 0
w 560 288 592 288 0
r 512 288 560 288 0 1000
S 448 288 480 288 0 1 false 0 3
370 480 288 512 288 1 0 2
r 368 288 416 288 0 1
w 352 288 368 288 0
w 416 528 448 528 0
w 480 496 480 512 0
w 480 496 560 496 0
w 560 496 560 528 0
w 560 528 592 528 0
r 512 528 560 528 0 1000
S 448 528 480 528 0 1 false 0 3
370 480 528 512 528 1 0 2
r 368 528 416 528 0 1
w 352 528 368 528 0
w 592 432 592 464 0
370 592 368 592 400 1 0 2
r 592 464 592 512 0 1
r 592 368 592 320 0 1000
w 576 400 576 320 0
w 576 320 592 320 0
w 592 320 592 288 0
w 592 512 592 528 0
S 592 432 592 400 0 1 false 0 3
w 592 672 592 704 0
370 592 608 592 640 1 0 2
r 592 704 592 752 0 1
r 592 608 592 560 0 1000
w 576 640 576 560 0
w 576 560 592 560 0
w 592 560 592 528 0
w 592 752 592 768 0
S 592 672 592 640 0 1 false 0 3
w 592 912 592 944 0
370 592 848 592 880 1 0 2
r 592 944 592 992 0 1
r 592 848 592 800 0 1000
w 576 880 576 800 0
w 576 800 592 800 0
w 592 800 592 768 0
w 592 992 592 1008 0
S 592 912 592 880 0 1 false 0 3
w -128 912 -128 944 0
370 -128 848 -128 880 1 0 2
r -128 944 -128 992 0 1
r -128 848 -128 800 0 1000
w -144 880 -144 800 0
w -144 800 -128 800 0
w -128 800 -128 768 0
w -128 992 -128 1008 0
S -128 912 -128 880 0 1 false 0 3
w 112 912 112 944 0
370 112 848 112 880 1 0 2
r 112 944 112 992 0 1
r 112 848 112 800 0 1000
w 96 880 96 800 0
w 96 800 112 800 0
w 112 800 112 768 0
w 112 992 112 1008 0
S 112 912 112 880 0 1 false 0 3
w 352 912 352 944 0
370 352 848 352 880 1 0 2
r 352 944 352 992 0 1
r 352 848 352 800 0 1000
w 336 880 336 800 0
w 336 800 352 800 0
w 352 800 352 768 0
w 352 992 352 1008 0
S 352 912 352 880 0 1 false 0 3
w -64 768 -32 768 0
w 0 736 0 752 0
w 0 736 80 736 0
w 80 736 80 768 0
w 80 768 112 768 0
r 32 768 80 768 0 1000
S -32 768 0 768 0 1 false 0 3
370 0 768 32 768 1 0 2
r -112 768 -64 768 0 1
w -128 768 -112 768 0
w 176 768 208 768 0
w 240 736 240 752 0
w 240 736 320 736 0
w 320 736 320 768 0
w 320 768 352 768 0
r 272 768 320 768 0 1000
S 208 768 240 768 0 1 false 0 3
370 240 768 272 768 1 0 2
r 128 768 176 768 0 1
w 112 768 128 768 0
w 416 768 448 768 0
w 480 736 480 752 0
w 480 736 560 736 0
w 560 736 560 768 0
w 560 768 592 768 0
r 512 768 560 768 0 1000
S 448 768 480 768 0 1 false 0 3
370 480 768 512 768 1 0 2
r 368 768 416 768 0 1
w 352 768 368 768 0
w 592 1008 712 1008 0
x 462 1061 476 1064 4 24 F
x 583 1059 601 1062 4 24 G
x -212 303 -199 306 4 24 6
x -213 183 -200 186 4 24 7
