$ 3 0.000005 10.20027730826997 53 5 50 5e-11
r 512 768 784 768 0 1000
R 704 48 800 48 0 0 40 5 0 0 0.5
g 784 768 784 816 0 0
w 512 48 592 48 0
w 592 48 704 48 0
w 352 48 512 48 0
w 112 48 352 48 0
w -128 48 112 48 0
w -128 768 112 768 0
w 112 768 352 768 0
w 352 768 512 768 0
x -312 87 -186 90 4 32 Birdcage
w -128 192 -128 224 0
370 -128 128 -128 160 1 0 2
r -128 224 -128 272 0 1
r -128 128 -128 80 0 1000
w -144 160 -144 80 0
w -144 80 -128 80 0
w -128 80 -128 48 0
w -128 272 -128 288 0
S -128 192 -128 160 0 1 false 0 3
w -64 288 -32 288 0
w 0 256 0 272 0
w 0 256 80 256 0
w 80 256 80 288 0
w 80 288 112 288 0
r 32 288 80 288 0 1000
S -32 288 0 288 0 1 false 0 3
370 0 288 32 288 1 0 2
r -112 288 -64 288 0 1
w -128 288 -112 288 0
w 352 192 352 224 0
370 352 128 352 160 1 0 2
r 352 224 352 272 0 1
r 352 128 352 80 0 1000
w 336 160 336 80 0
w 336 80 352 80 0
w 352 80 352 48 0
w 352 272 352 288 0
S 352 192 352 160 0 1 false 0 3
w 112 192 112 224 0
370 112 128 112 160 1 0 2
r 112 224 112 272 0 1
r 112 128 112 80 0 1000
w 96 160 96 80 0
w 96 80 112 80 0
w 112 80 112 48 0
w 112 272 112 288 0
S 112 192 112 160 0 1 false 0 3
w 352 432 352 464 0
370 352 368 352 400 1 0 2
r 352 464 352 512 0 1
r 352 368 352 320 0 1000
w 336 400 336 320 0
w 336 320 352 320 0
w 352 320 352 288 0
w 352 512 352 528 0
S 352 432 352 400 0 1 false 0 3
w -128 432 -128 464 0
370 -128 368 -128 400 1 0 2
r -128 464 -128 512 0 1
r -128 368 -128 320 0 1000
w -144 400 -144 320 0
w -144 320 -128 320 0
w -128 320 -128 288 0
w -128 512 -128 528 0
S -128 432 -128 400 0 1 false 0 3
w 112 432 112 464 0
370 112 368 112 400 1 0 2
r 112 464 112 512 0 1
r 112 368 112 320 0 1000
w 96 400 96 320 0
w 96 320 112 320 0
w 112 320 112 288 0
w 112 512 112 528 0
S 112 432 112 400 0 1 false 0 3
w -128 672 -128 704 0
370 -128 608 -128 640 1 0 2
r -128 704 -128 752 0 1
r -128 608 -128 560 0 1000
w -144 640 -144 560 0
w -144 560 -128 560 0
w -128 560 -128 528 0
w -128 752 -128 768 0
S -128 672 -128 640 0 1 false 0 3
w 112 672 112 704 0
370 112 608 112 640 1 0 2
r 112 704 112 752 0 1
r 112 608 112 560 0 1000
w 96 640 96 560 0
w 96 560 112 560 0
w 112 560 112 528 0
w 112 752 112 768 0
S 112 672 112 640 0 1 false 0 3
w 352 672 352 704 0
370 352 608 352 640 1 0 2
r 352 704 352 752 0 1
r 352 608 352 560 0 1000
w 336 640 336 560 0
w 336 560 352 560 0
w 352 560 352 528 0
w 352 752 352 768 0
S 352 672 352 640 0 1 false 0 3
w 176 288 208 288 0
w 240 256 240 272 0
w 240 256 320 256 0
w 320 256 320 288 0
w 320 288 352 288 0
r 272 288 320 288 0 1000
S 208 288 240 288 0 1 false 0 3
370 240 288 272 288 1 0 2
r 128 288 176 288 0 1
w 112 288 128 288 0
w -64 528 -32 528 0
w 0 496 0 512 0
w 0 496 80 496 0
w 80 496 80 528 0
w 80 528 112 528 0
r 32 528 80 528 0 1000
S -32 528 0 528 0 1 false 0 3
370 0 528 32 528 1 0 2
r -112 528 -64 528 0 1
w -128 528 -112 528 0
w 176 528 208 528 0
w 240 496 240 512 0
w 240 496 320 496 0
w 320 496 320 528 0
w 320 528 352 528 0
r 272 528 320 528 0 1000
S 208 528 240 528 0 1 false 0 3
370 240 528 272 528 1 0 2
r 128 528 176 528 0 1
w 112 528 128 528 0
368 512 768 512 696 0 0
x -129 813 -113 816 4 24 A
x -18 813 -2 816 4 24 B
x 102 811 119 814 4 24 C
x 218 810 235 813 4 24 D
x 342 809 358 812 4 24 E
x -208 662 -195 665 4 24 1
x -209 537 -196 540 4 24 2
x -210 427 -197 430 4 24 3
x -211 297 -198 300 4 24 4
x -215 187 -202 190 4 24 5
